49,17
49,25
49,16
49,24
49,15
49,23
49,13
49,22
49,11
49,21
49,10
49,20
49,7
49,19
49,6
0,538
0,472
3,2
3,1
3,3
10,98
10,204
10,18
10,206
10,19
10,305
10,216
10,2
9,7
9,6
9,4
9,2
9,3
8,18
8,14
8,9
8,10
8,2
8,3
76,4
76,3
76,2
76,1
76,0
75,4
75,3
75,2
75,1
75,0
72,4
72,3
72,2
72,1
72,0
71,4
71,3
71,2
71,1
71,0
69,5
69,4
69,3
69,2
69,1
69,0
66,5
66,4
66,3
66,2
66,1
66,0
64,5
64,4
64,3
64,2
64,1
64,0
62,5
62,4
62,3
62,2
62,1
62,0
55,4
55,3
55,2
55,1
55,0
52,3
52,2
52,1
52,0
49,18
49,14
49,12
49,9
49,8
49,5
49,4
49,3
49,1
20,3
20,2
20,1
19,3
19,2
19,1
12,3
12,2
12,1
11,30
11,29
11,28
11,27
11,26
11,25
11,24
11,23
11,22
11,21
11,20
11,19
11,17
11,16
11,15
