10,110
10,144
10,206
10,152
10,178
10,161
10,23
10,85
10,3
11,19
11,25
11,15
11,11
11,26
11,21
11,2
11,3
8,4
8,10
8,5
8,6
76,4
76,3
76,2
76,1
76,0
75,4
75,3
75,2
75,1
75,0
72,4
72,3
72,2
72,1
72,0
71,4
71,3
71,2
71,1
71,0
69,5
69,4
69,3
69,2
69,1
69,0
66,5
66,4
66,3
66,2
66,1
66,0
64,5
64,4
64,3
64,2
64,1
64,0
62,5
62,4
62,3
62,2
62,1
62,0
55,4
55,3
55,2
55,1
55,0
52,3
52,2
52,1
52,0
49,25
49,24
49,23
49,22
49,21
49,20
49,19
49,18
49,17
49,16
49,15
49,14
49,13
49,12
49,11
49,10
49,9
49,8
49,7
49,6
49,5
49,4
49,3
49,1
20,3
20,2
20,1
19,3
19,2
19,1
12,3
12,2
12,1
11,30
11,29
11,28
11,27
11,24
11,23
11,22
11,20
11,16
11,13
11,12
11,1
11,8
10,234
10,214
